0 0.211879 0.570583 0.031039 0.063056 0.203711 0.511764 2
0 0.473508 0.725236 0.029109 0.060778 0.482469 0.677153 2
0 0.729008 0.703472 0.030953 0.053389 0.735070 0.671903 2
0 0.291238 0.487451 0.041586 0.063236 0.279867 0.439569 2
0 0.501000 0.721132 0.025875 0.054208 0.000000 0.000000 0
0 0.418297 0.553986 0.034187 0.053389 0.416125 0.519708 2
0 0.712609 0.601208 0.025875 0.055861 0.718766 0.574361 2
0 0.752102 0.556854 0.034672 0.065708 0.760156 0.521750 2
0 0.443477 0.438167 0.028188 0.038611 0.439703 0.408208 2
0 0.017766 0.498410 0.035531 0.052153 0.016922 0.463417 2
0 0.377684 0.363750 0.028180 0.054222 0.377914 0.322681 2
0 0.464312 0.415910 0.032344 0.058319 0.464313 0.378542 2
